NUMBER	NAME	ELEV	LAT	LON
283001	Abu	641	34.5	131.6
355096	Acamarachi	6023	-23.292	-67.618
342080	Acatenango	3976	14.501	-90.876
213004	Acigol-Nevsehir	1683	38.537	34.621
321040	Adams	3742	46.206	-121.49
283170	Adatarayama	1728	37.647	140.281
221170	Adwa	1733	10.07	40.84
221110	Afdera	1250	13.088	40.853
284160	Agrigan	965	18.77	145.67
342100	Agua	3760	14.465	-90.743
382090	Agua de Pau	947	37.77	-25.47
358062	Aguilera	2546	-50.33	-73.75
264020	Agung	2997	-8.343	115.508
284141	Ahyi	-75	20.42	145.03
282080	Aira	1117	31.593	130.657
300125	Akademia Nauk	1180	53.98	159.45
283130	Akagisan	1828	36.56	139.193
285070	Akan	1499	43.384	144.013
283230	Akita-Komagatake	1637	39.761	140.799
283260	Akita-Yakeyama	1366	39.964	140.757
282022	Akusekijima	555	29.465	129.594
311320	Akutan	1303	54.134	-165.986
290390	Alaid	2285	50.861	155.565
221112	Alayta	1496	12.888	40.573
353040	Alcedo	1130	-0.43	-91.12
221090	Ale Bagu	988	13.512	40.631
221040	Alid	904	14.88	39.92
352031	Aliso	4267	-0.53	-78
320020	Alligator Lake	2217	60.42	-135.42
342040	Almolonga	3173	14.797	-91.519
300450	Alney-Chashakondzha	2570	56.656	159.647
221060	Alu-Dalafilla	578	13.793	40.553
221270	Alutu	2335	7.77	38.78
311390	Amak	488	55.424	-163.149
268072	Amasing	1030	-0.53	127.48
257030	Ambae	1496	-15.389	167.835
273088	Ambalatungan Group	2329	17.32	121.1
266020	Ambang	1795	0.75	124.42
254020	Ambitle	450	-4.08	153.65
233011	Ambre-Bobaomby	1475	-12.6	49.15
257040	Ambrym	1334	-16.25	168.12
234001	Amsterdam Island	881	-37.83	77.52
311190	Amukta	1066	52.5	-171.252
284200	Anatahan	790	16.35	145.67
300390	Anaun	1828	56.32	158.83
354004	Andahua-Orcopampa	4713	-15.42	-72.33
390023	Andrus	2978	-75.8	-132.33
257110	Aneityum	852	-20.2	169.78
312090	Aniakchak	1341	56.88	-158.17
357153	Antillanca Volcanic Complex	1979	-40.783	-72.15
352030	Antisana	5753	-0.481	-78.141
355180	Antofagasta Volcanic Field	3495	-26.12	-67.4
357080	Antuco	2979	-37.406	-71.349
284060	Aogashima	423	32.458	139.759
358024	Apagado	1210	-41.88	-72.58
343010	Apaneca Range	2036	13.891	-89.786
343071	Apastepeque Field	700	13.72	-88.77
271030	Apo	2938	6.989	125.269
344091	Apoyeque	518	12.242	-86.342
355160	Aracar	6095	-24.29	-67.783
214060	Aragats	4095	40.53	44.2
213040	Ararat	5165	39.7	44.3
273084	Arayat	1026	15.2	120.742
221126	Ardoukoba	298	11.58	42.47
345033	Arenal	1670	10.463	-84.703
231090	"Arhab, Harra of"	3100	15.63	44.08
263290	Arjuno-Welirang	3339	-7.733	112.575
305011	Arxan-Chaihe	1677	47.45	120.8
300058	Asacha	1910	52.355	157.827
283110	Asamayama	2568	36.406	138.523
385050	Ascension	858	-7.95	-14.37
373060	Askja	1080	65.033	-16.783
282110	Asosan	1592	32.884	131.104
221125	Assab Volcanic Field	987	12.95	42.43
284150	Asuncion	857	19.671	145.406
282070	Ata	924	31.22	130.57
352021	Atacazo	4463	-0.353	-78.617
311160	Atka	1448	52.331	-174.139
320030	Atlin Volcanic Field	1880	59.68	-133.32
357023	"Atuel, Caldera del"	5189	-34.65	-70.05
241020	Auckland Volcanic Field	260	-36.9	174.87
313010	Augustine	1252	59.363	-153.43
300100	Avachinsky	2717	53.256	158.836
331021	Axial Seamount	-1410	45.95	-130
302070	Azas Plateau	2765	52.433	98.303
355061	"Azufre, Cerro del"	5846	-21.787	-68.237
353060	"Azul, Cerro"	1640	-0.92	-91.408
357060	"Azul, Cerro"	3788	-35.653	-70.761
283180	Azumayama	1949	37.735	140.244
274030	Babuyan Claro	1080	19.523	121.94
322090	Bachelor	2763	43.979	-121.688
255020	Bagana	1855	-6.137	155.196
300123	Bakening	2278	53.905	158.07
321010	Baker	3285	48.777	-121.813
231170	"Bal Haf, Harra of"	604	14.067	48.3
250020	Baluan	254	-2.57	147.28
271010	Balut	862	5.4	125.375
273050	Banahaw	2158	14.07	121.48
265090	Banda Api	596	-4.523	129.881
283160	Bandaisan	1816	37.601	140.072
341020	Barcena	332	19.3	-110.82
373030	Bardarbunga	2000	64.633	-17.516
300084	Barkhatnaya Sopka	874	52.802	158.24
222030	"Barrier, The"	1032	2.32	36.57
345050	Barva	2906	10.135	-84.1
275050	Bas Dong Nai	392	10.8	107.2
264010	Batur	1717	-8.242	115.375
355122	"Bayo Gorbea, Cerro"	5413	-25.414	-68.588
225060	Bayuda Volcanic Field	670	18.33	32.75
322060	Belknap	2095	44.285	-121.841
300640	Bely	2080	57.88	160.53
390022	Berlin	3478	-76.05	-136
290040	Berutarubesan [Berutarube]	1221	44.462	146.932
300250	Bezymianny	2882	55.972	160.595
268073	Bibinoi	932	-0.761	127.725
272080	Biliran	1301	11.523	124.535
255011	Billy Mitchell	1544	-6.092	155.225
231072	"Birk, Harrat al"	587	18.37	41.63
221220	Bishoftu Volcanic Field	1850	8.78	38.98
324010	Black Butte Crater Lava Field	1478	43.183	-114.352
327050	Black Rock Desert	1800	38.97	-112.5
357102	"Blanca, Laguna"	1700	-39.02	-70.37
355210	"Blanco, Cerro"	4670	-26.789	-67.765
311300	Bogoslof	150	53.93	-168.03
300087	Bolshe-Bannaya	1200	52.9	157.78
300300	Bolshoi Payalpan	1906	55.88	157.78
300150	Bolshoi Semiachik	1720	54.32	160.02
300360	Bolshoi-Kekuknaysky	1401	56.483	157.917
221240	Bora-Bericcio	2267	8.221	39.05
221107	Borawli	784	13.304	40.987
221210	Boset-Bericha	2447	8.558	39.475
386020	Bouvet	741	-54.408	3.351
351012	"Bravo, Cerro"	3985	5.091	-75.293
371040	Brennisteinsfjoll	610	63.933	-21.783
320170	Bridge River Cones	2500	50.8	-123.4
390080	Bristol Island	1100	-59.017	-26.533
390010	Buckle Island	1239	-66.78	163.25
311010	Buldir	656	52.35	175.911
273010	Bulusan	1535	12.769	124.056
223004	Bunyaruguru	1554	-0.2	30.08
221260	Butajiri-Silti Field	2281	8.05	38.35
264001	Buyan-Bratan	2244	-8.283	115.133
272050	Cabalian	912	10.285	125.218
357112	Caburgua-Huelemolle	1652	-39.25	-71.75
273090	Cagua	1133	18.222	122.123
357042	Calabozos	3508	-35.558	-70.496
210040	Calatrava Volcanic Field	1117	38.87	-4.02
358020	Calbuco	1974	-41.33	-72.618
357091	Callaqui	3164	-37.92	-71.45
224010	Cameroon	4095	4.203	9.17
271080	Camiguin	1552	9.203	124.673
274010	Camiguin de Babuyanes	712	18.83	121.86
211010	Campi Flegrei	458	40.827	14.139
211070	Campi Flegrei del Mar di Sicilia	-8	37.1	12.7
390100	Candlemas Island	550	-57.08	-26.67
357140	Carran-Los Venados	1114	-40.35	-72.07
327110	Carrizozo	1731	33.78	-105.93
352006	Cayambe	5790	0.029	-77.986
320811	Cayley Volcanic Field	2375	50.12	-123.28
358012	Cayutue-La Vigueria	506	-41.25	-72.27
341030	Ceboruco	2280	21.125	-104.508
222010	Central Island	518	3.496	36.04
263170	Cereme	3039	-6.895	108.408
352022	Chacana	4643	-0.375	-78.25
290030	Chachadake [Tiatia]	1822	44.353	146.252
354007	"Chachani, Nevado"	6057	-16.191	-71.53
352002	Chachimbiro	4106	0.468	-78.287
210020	Chaine des Puys	1464	45.775	2.97
305060	Changbaishan	2744	41.98	128.08
300273	Cherpuk Group	1868	55.55	157.47
341080	Chichinautzin	3930	19.08	-99.13
341120	"Chichon, El"	1150	17.36	-93.228
312110	Chiginagak	2221	57.135	-156.99
290360	Chikurachki	1781	50.324	155.461
351110	Chiles-Cerro Negro	4698	0.817	-77.938
357070	"Chillan, Nevados de"	3180	-36.868	-71.378
343090	Chinameca	1300	13.478	-88.33
342170	Chingo	1775	14.12	-89.73
342200	Chiquimula Volcanic Field	1192	14.83	-89.55
290090	Chirippusan [Chirip]	1587	45.338	147.92
290150	Chirpoi	742	46.532	150.871
283220	Chokaisan	2236	39.099	140.049
306020	Ch'uga-ryong	452	38.33	127.33
222130	Chyulu Hills	2188	-2.68	37.88
322150	Cinnamon Butte	1956	43.241	-122.108
323100	Clear Lake	1439	38.97	-122.77
331030	Cleft Segment	-2140	44.83	-130.3
343041	Coatepeque Caldera	746	13.87	-89.55
331020	CoAxial Segment	-2400	46.52	-129.58
234050	"Cochons, Ile aux"	775	-46.1	50.23
341096	Cofre de Perote	4282	19.492	-97.15
341040	Colima	3850	19.514	-103.62
211004	Colli Albani	949	41.73	12.7
341012	Comondu-La Purisima	780	26	-111.92
344120	Concepcion	1700	11.538	-85.622
357090	Copahue	2953	-37.856	-71.183
221290	Corbetti Caldera	2320	7.193	38.39
355101	Cordon de Puntas Negras	5852	-23.743	-67.534
382002	Corvo	718	39.699	-31.111
344010	Cosiguina	872	12.98	-87.57
352050	Cotopaxi	5911	-0.677	-78.436
358025	Crater Basalt Volcanic Field	1344	-42.018	-70.194
322160	Crater Lake	2487	42.93	-122.12
324020	Craters of the Moon	2005	43.42	-113.5
272010	Cuernos de Negros	1862	9.25	123.17
352003	Cuicocha	3246	0.308	-78.364
342111	Cuilapa-Barbarena	1454	14.33	-90.4
351100	Cumbal	4764	0.95	-77.87
341098	"Cumbres,  Las"	3940	19.15	-97.27
221113	Dabbahu	1401	12.595	40.48
221114	Dabbayra	1302	12.38	40.07
252040	Dakataua	408	-5.094	150.094
221141	Dama Ali	1068	11.28	41.63
232010	Damavand	5670	35.951	52.109
303040	Dariganga Volcanic Field	1778	45.754	114.279
353030	Darwin	1330	-0.18	-91.28
261210	"Daun, Bukit"	2467	-3.38	102.37
322100	Davis Lake	2163	43.57	-121.82
253060	Dawson Strait Group	500	-9.62	150.88
390030	Deception Island	602	-63.001	-60.652
261230	Dempo	3142	-4.016	103.121
357050	Descabezado Grande	3953	-35.58	-70.75
322120	Devils Garden	1698	43.512	-120.861
231120	"Dhamar, Harras of"	3500	14.57	44.67
360080	"Diables, Morne aux"	861	15.612	-61.43
360090	"Diablotins, Morne"	1430	15.503	-61.397
322170	Diamond Craters	1435	43.1	-118.75
263200	Dieng Volcanic Complex	2565	-7.2	109.879
300022	Diky Greben	1040	51.452	156.978
357067	Domuyo	4702	-36.638	-70.432
221100	Dubbi	1625	13.579	41.809
268010	Dukono	1229	1.693	127.894
341022	Durango Volcanic Field	2075	24.15	-104.45
300110	Dzenzursky	2285	53.637	158.922
284201	East Diamante	-127	15.93	145.67
356011	Easter Island	511	-27.15	-109.38
290380	Ebeko	1103	50.686	156.014
222080	"Eburru, Ol Doinyo"	2856	-0.65	36.22
353011	Ecuador	790	-0.02	-91.546
315040	Edgecumbe	970	57.05	-135.75
320060	Edziza	2786	57.72	-130.63
214010	Elbrus	5642	43.351	42.442
300590	Elovsky	1381	57.55	160.53
312020	Emmons Lake	1436	55.341	-162.073
222051	Emuruangogolak	1285	1.5	36.33
331010	Endeavour Segment	-2050	47.95	-129.1
257060	Epi	833	-16.68	168.37
213010	Erciyes Dagi	3864	38.531	35.447
390020	Erebus	3794	-77.53	167.17
221080	Erta Ale	613	13.6	40.67
285011	Esan	618	41.805	141.166
374020	Esjufjoll	1620	64.25	-16.583
344131	Esteli	899	13.17	-86.4
211060	Etna	3295	37.748	14.999
290050	Etorofu-Atosanupuri [Atosanupuri]	1206	44.808	147.131
290070	Etorofu-Yakeyama [Grozny Group]	1158	45.012	147.871
372020	Eyjafjallajokull	1651	63.633	-19.633
284140	Farallon de Pajaros	337	20.546	144.893
382010	Fayal	1043	38.6	-28.73
221190	Fentale	2007	8.975	39.93
311350	Fisher	1112	54.65	-164.43
342140	Flores	1600	14.308	-89.992
382001	Flores	914	39.462	-31.216
384010	Fogo	2829	14.95	-24.35
223001	Fort Portal	1615	0.7	30.25
320010	Fort Selkirk	1239	62.93	-137.38
233020	"Fournaise, Piton de la"	2632	-21.244	55.708
373070	Fremrinamar	970	65.416	-16.666
312010	Frosty	1728	55.067	-162.835
342090	Fuego	3763	14.473	-90.88
383050	Fuerteventura	529	28.358	-14.02
283030	Fujisan	3776	35.361	138.728
282091	Fukue	315	32.657	128.849
382100	Furnas	805	37.77	-25.32
221150	Gabillema	1459	11.08	41.27
221050	Gada Ale	287	13.975	40.408
334070	Galapagos Rift	-2430	0.792	-86.15
351080	Galeras	4276	1.22	-77.37
255062	Gallego	1000	-9.35	159.73
263140	Galunggung	2168	-7.25	108.058
268060	Gamalama	1715	0.8	127.33
300210	Gamchen	2539	54.974	160.703
268040	Gamkonora	1635	1.38	127.53
320200	Garibaldi	2678	49.85	-123
320190	Garibaldi Lake	2316	49.933	-123
252030	Garove	368	-4.687	149.511
252060	Garua Harbour	565	-5.3	150.07
257020	Gaua	797	-14.27	167.5
221230	Gedamsa	1873	8.357	39.188
263060	Gede-Pangrango	3008	-6.77	106.965
353081	Genovesa	64	0.32	-89.958
214070	Ghegham Volcanic Ridge	3597	40.283	45
321020	Glacier Peak	3213	48.112	-121.113
341097	"Gloria, La"	3500	19.33	-97.25
323170	Golden Trout Creek	2886	36.358	-118.32
253041	Goodenough	220	-9.48	150.35
300070	Gorely	1799	52.559	158.03
382040	Graciosa	402	39.02	-27.97
383040	Gran Canaria	1950	28	-15.58
344101	Granada	300	11.92	-85.98
371060	Grimsnes	200	64.05	-20.883
373010	Grimsvotn	1719	64.416	-17.316
352020	Guagua Pichincha	4784	-0.171	-78.598
355093	Guayaques	5598	-22.895	-67.566
343052	Guazapa	1438	13.9	-89.12
221124	Gufa	600	12.55	42.53
263130	Guntur	2249	-7.143	107.84
284050	Hachijojima	854	33.137	139.766
283250	Hachimantai	1613	39.958	140.854
275001	Hainan Volcanic Field	196	19.905	110.229
283280	Hakkodasan	1585	40.659	140.877
283020	Hakoneyama	1438	35.233	139.021
283050	Hakusan	2702	36.155	136.771
332060	Haleakala	3055	20.708	-156.25
306040	Halla	1919	33.361	126.53
221022	Hanish	422	13.72	42.73
252100	Hargy	1148	-5.33	151.1
231001	Harrat Ash Shamah	1100	32.333	37.583
283122	Harunasan	1449	36.477	138.851
213002	Hasan Dagi	3253	38.13	34.17
275040	Haut Dong Nai	1000	11.6	108.2
231110	"Haylan, Jabal"	1550	15.4	45.1
241140	Healy	-980	-35.004	178.973
234010	Heard	2745	-53.106	73.513
372070	Hekla	1490	63.983	-19.666
370020	Helgrindur	986	64.866	-23.283
324040	Hell's Half Acre	1631	43.5	-112.45
371050	Hengill	803	64.083	-21.416
383020	Hierro	1500	27.73	-18.03
283131	Hiuchigatake	2356	36.955	139.285
390110	Hodson	835	-56.712	-27.176
371090	Hofsjokull	1765	64.833	-18.766
285020	Hokkaido-Komagatake	1131	42.063	140.677
222070	Homa Mountain	1751	-0.38	34.5
322010	Hood	3426	45.374	-121.695
320080	Hoodoo Mountain	1850	56.78	-131.28
371051	Hromundartindur	550	64.083	-21.333
332040	Hualalai	2523	19.692	-155.87
354005	Huambo	4550	-15.83	-72.13
357123	Huanquihue Group	2189	-39.887	-71.58
354030	Huaynaputina	4850	-16.608	-70.85
390028	Hudson Mountains	749	-74.33	-99.42
358057	"Hudson, Cerro"	1905	-45.9	-72.97
358030	Huequi	1318	-42.377	-72.578
261280	Hulubelu	849	-5.334	104.59
261200	Hululais	2122	-3.247	102.239
341093	"Humeros, Los"	3150	19.68	-97.45
253050	Iamalele	200	-9.52	150.53
268030	Ibu	1325	1.488	127.63
300710	Iettunup	1340	58.4	161.08
222161	Igwisi Hills	1146	-4.889	31.933
263350	Ijen	2769	-8.058	114.242
300670	Iktunup	2300	58.08	160.77
313020	Iliamna	3053	60.032	-153.09
264220	Iliboleng	1659	-8.342	123.258
264240	Ililabalekan	1018	-8.55	123.38
264170	Ilimuda	881	-8.479	122.761
264250	Iliwerung	1018	-8.53	123.57
352041	Illiniza	5248	-0.659	-78.714
343060	Ilopango	450	13.672	-89.053
352004	Imbabura	4609	0.258	-78.183
314060	Imuruk Lake	610	65.517	-163.45
321070	Indian Heaven	1806	45.93	-121.82
357041	Infiernillo	3007	-35.123	-69.9
264090	Inielika	1559	-8.73	120.98
264080	Inierie	2245	-8.875	120.95
284120	Ioto	169	24.751	141.289
282020	Io-Torishima	212	27.881	128.223
342190	Ipala	1650	14.55	-89.63
345060	Irazu	3432	9.979	-83.852
341023	"Isabel, Isla"	95	21.848	-105.886
273042	Isarog	1966	13.658	123.38
211030	Ischia	789	40.73	13.897
320090	Iskut-Unuk River Cones	1880	56.58	-130.55
233014	Itasy Volcanic Field	1800	-19.033	46.7
231050	"Ithnayn, Harrat"	1625	26.58	40.2
283270	Iwakisan	1625	40.656	140.303
283240	Iwatesan	2038	39.853	141.001
342180	Ixtepeque	1292	14.42	-89.68
264110	Iya	618	-8.891	121.641
263330	Iyang-Argapura	3088	-7.97	113.57
341082	Iztaccihuatl	5230	19.179	-98.642
284010	Izu-Oshima	758	34.724	139.394
283010	Izu-Tobu	1406	34.9	139.098
284090	Izu-Torishima	394	30.484	140.303
268051	Jailolo	993	1.08	127.439
390829	James Ross Island	1630	-64.15	-57.75
376010	Jan Mayen	2197	71.082	-8.155
355036	Jatun Mundo Quri Warani	5438	-19.78	-66.48
355035	"Jayu Khota, Laguna"	3650	-19.463	-67.432
322020	Jefferson	3199	44.674	-121.8
305040	Jingbo	1000	44.08	128.83
302060	Jom-Bolok	2047	52.713	99.021
322190	Jordan Craters	1473	43.147	-117.46
261220	Kaba	1940	-3.522	102.615
284097	Kaikata Seamount	-165	26.667	140.929
241010	Kaikohe-Bay of Islands	388	-35.3	173.9
284100	Kaitoku Seamount	-95	26.127	141.102
311110	Kanaga	1307	51.923	-177.168
272020	Kanlaon	2435	10.412	123.132
263020	Karang	1768	-6.268	106.05
213001	Karapinar Field	1302	37.667	33.6
223040	Karisimbi	4490	-1.506	29.45
251030	Karkar	1839	-4.649	145.964
233010	Karthala	2361	-11.75	43.38
300130	Karymsky	1513	54.049	159.443
372030	Katla	1490	63.633	-19.083
312170	Katmai	2047	58.28	-154.963
223003	Katwe-Kikorongo	1067	-0.08	29.92
214020	Kazbek	5050	42.7	44.5
300500	Kebeney	1527	57.1	159.93
300410	Kekurny	1377	56.4	158.85
264140	Kelimutu	1639	-8.77	121.82
300041	Kell	900	51.65	157.35
305020	Keluo Group	670	49.37	125.92
263280	Kelut	1731	-7.93	112.308
263110	Kendang	2594	-7.245	107.709
234020	Kerguelen Islands	1840	-49.58	69.5
261170	Kerinci	3800	-1.697	101.264
290200	Ketoi	1172	47.35	152.475
303020	Khanuy Gol	1886	48.67	102.75
290300	Kharimkotan	1145	49.12	154.508
231060	"Khaybar, Harrat"	2093	25	39.92
300053	Khodutka	2039	52.062	157.711
360160	Kick 'em Jenny	-185	12.3	-61.64
282060	Kikai	704	30.793	130.305
300180	Kikhpinych	1506	54.489	160.251
332010	Kilauea	1222	19.421	-155.287
282090	Kirishimayama	1700	31.934	130.862
231071	"Kishb, Harrat"	1475	22.8	41.38
284061	Kita-Bayonnaise	-360	32.1	139.85
284110	Kita-Ioto	792	25.424	141.284
266120	Klabat	1968	1.454	125.031
300260	Klyuchevskoy	4754	56.056	160.642
290120	Kolokol Group	1328	46.042	150.083
221200	Kone	1380	8.788	39.701
221320	Korath Range	912	5.1	35.88
222054	Korosi	1446	0.77	36.12
311161	Korovin	1518	52.381	-174.166
300020	Koshelev	1822	51.356	156.753
300122	Kostakan	1150	53.83	158.05
225021	"Koussi, Emi"	3415	19.8	18.53
284030	Kozushima	572	34.219	139.153
373080	Krafla	800	65.715	-16.728
262000	Krakatau	155	-6.102	105.423
300190	Krasheninnikov	1816	54.596	160.27
252070	Krummel-Garbuna-Welcker	564	-5.416	150.027
371030	Krysuvik	360	63.883	-22.083
300050	Ksudach	1079	51.844	157.572
282050	Kuchinoerabujima	657	30.443	130.217
282043	Kuchinoshima	628	29.968	129.926
282120	Kujusan	1791	33.086	131.249
213000	Kula	750	38.58	28.52
304030	Kunlun Volcanic Group	5808	35.52	80.2
283210	Kurikomayama	1627	38.961	140.788
300023	Kurile Lake	81	51.45	157.12
283120	Kusatsu-Shiranesan	2165	36.618	138.528
285080	Kussharo	574	43.615	144.427
285034	Kuttara	549	42.491	141.16
225040	Kutum Volcanic Field	1779	14.57	25.85
257070	Kuwae	-2	-16.829	168.536
373050	Kverkfjoll	1930	64.653	-16.647
222170	Kyejo	2176	-9.229	33.792
383010	La Palma	2426	28.57	-17.83
273080	Laguna Caldera	743	14.42	121.27
344133	"Lajas, Las"	926	12.3	-85.73
263320	Lamongan	1641	-7.981	113.341
252010	Langila	1330	-5.525	148.42
371080	Langjokull	1100	64.85	-19.7
357122	Lanin	3776	-39.637	-71.502
383060	Lanzarote	670	29.03	-13.63
355100	Lascar	5592	-23.37	-67.73
323080	Lassen Volcanic Center	3187	40.492	-121.508
263260	Lawu	3265	-7.625	111.192
222120	"Lengai, Ol Doinyo"	2962	-2.764	35.914
271031	Leonard Range	1080	7.382	126.047
264200	Leroboleng	1095	-8.365	122.833
300530	Leutongey	1318	57.306	159.827
320050	Level Mountain	2190	58.42	-131.35
264180	Lewotobi	1703	-8.542	122.775
360030	Liamuiga	1156	17.37	-62.8
355092	Licancabur	5916	-22.83	-67.88
352081	Licto	3336	-1.78	-78.613
254010	Lihir	700	-3.125	152.642
211042	Lipari	590	38.49	14.933
370030	Ljosufjoll	1063	64.9	-22.483
357110	Llaima	3125	-38.692	-71.729
266100	Lokon-Empung	1580	1.358	124.792
252071	Lolo	796	-5.466	150.509
252130	Lolobau	858	-4.92	151.158
255030	Loloru	1887	-6.52	155.62
251050	Long Island	1280	-5.358	147.12
305050	Longgang Group	1000	42.33	126.5
357100	Lonquimay	2832	-38.379	-71.586
261111	Lubukraya	1862	1.478	99.209
231040	"Lunayyir, Harrat"	1370	25.17	37.75
275020	Ly Son Group	157	15.38	109.12
242021	Macauley	238	-30.21	-178.475
382120	Madeira	1862	32.73	-16.97
272070	Mahagnao	860	10.882	124.888
266110	Mahawu	1299	1.352	124.865
357021	Maipo	5323	-34.164	-69.832
311310	Makushin	1800	53.891	-166.923
300140	Maly Semyachik	1527	54.135	159.674
323150	Mammoth Mountain	3369	37.631	-119.032
253021	Managlase Plateau	1342	-9.08	148.33
251020	Manam	1807	-4.08	145.037
221115	Manda Hararo	600	12.17	40.82
221122	Manda-Inakir	600	12.38	42.2
272030	Mandalagan	1885	10.65	123.25
225006	Manzaz Volcanic Field	1672	23.92	5.83
261140	Marapi	2885	-0.38	100.474
357092	"Marinaqui, Laguna"	2108	-38.255	-71.167
234070	Marion Island	1230	-46.9	37.75
273081	Mariveles	1388	14.527	120.482
327040	Markagunt Plateau	2840	37.58	-112.67
241061	Maroa	897	-38.42	176.08
225030	"Marra, Jebel"	3042	12.95	24.27
222021	Marsabit	1707	2.32	37.97
312140	Martin	1863	58.172	-155.361
285061	Maruyama	2013	43.418	143.031
344100	Masaya	594	11.985	-86.165
341031	Mascota Volcanic Field	2560	20.62	-104.83
285081	Mashu	857	43.572	144.561
258010	Matthew Island	177	-22.33	171.32
271020	Matutum	2286	6.37	125.07
357061	"Maule, Laguna del"	2162	-36.058	-70.492
332030	Mauna Kea	4205	19.82	-155.47
332020	Mauna Loa	4170	19.475	-155.608
241021	Mayor Island	355	-37.28	176.25
320180	Meager	2680	50.63	-123.5
323020	Medicine Lake	2412	41.611	-121.554
221330	Mega Basalt Field	1111	4.063	37.488
283262	Megata	291	39.95	139.73
225050	Meidob Volcanic Field	2000	15.32	26.47
390015	Melbourne	2732	-74.35	164.7
263250	Merapi	2910	-7.54	110.446
263240	Merbabu	3118	-7.454	110.44
222160	Meru	4565	-3.25	36.75
212020	Methana	760	37.615	23.336
358040	Michinmahuida	2452	-42.799	-72.445
341060	Michoacan-Guanajuato	3860	19.85	-101.75
283080	Midagahara	2621	36.571	137.59
284041	Mikurajima	851	33.874	139.602
320120	Milbanke Sound Group	335	52.5	-128.73
290161	Milna	1504	46.815	151.786
212030	Milos	751	36.699	24.439
284131	Minami-Hiyoshi	-107	23.5	141.935
345030	Miravalles	2028	10.748	-85.153
284040	Miyakejima	775	34.094	139.526
357130	Mocho-Choshuenco	2422	-39.927	-72.027
311111	Moffett	1196	51.944	-176.747
352005	Mojanda	4263	0.13	-78.27
344110	Mombacho	1344	11.826	-85.968
344090	Momotombo	1270	12.423	-86.539
323110	Mono Lake Volcanic Field	2121	38	-119.03
323120	Mono-Inyo Craters	2796	37.804	-119.029
390081	Montagu Island	1370	-58.445	-26.374
390017	Morning	2723	-78.5	163.53
257001	Motlav	411	-13.67	167.67
290100	Moyorodake [Medvezhia]	1124	45.389	148.838
342130	Moyuta	1662	14.03	-90.1
223060	Muhavura	4103	-1.383	29.678
252021	Mundua	171	-4.624	149.339
263251	Muria	1625	-6.62	110.88
300060	Mutnovsky	2288	52.449	158.196
284070	Myojinsho	11	31.888	139.918
283100	Myokosan	2454	36.891	138.114
245030	Nabukelevu	805	-19.12	177.98
282040	Nakanoshima	979	29.859	129.857
222040	Namarunu	817	1.98	36.43
283141	Nantaisan	2486	36.765	139.491
341095	Naolinco Volcanic Field	2000	19.67	-96.75
283200	Naruko	470	38.729	140.734
283150	Nasudake	1915	37.125	139.963
273082	Natib	1253	14.72	120.4
353050	"Negra, Sierra"	1124	-0.83	-91.17
344070	"Negro, Cerro"	728	12.506	-86.702
344092	Nejapa-Miraflores	360	12.12	-86.32
213020	Nemrut Dagi	2948	38.654	42.229
360040	Nevis Peak	985	17.15	-62.58
322110	Newberry	2434	43.722	-121.229
259010	Newer Volcanics Province	1011	-37.77	142.5
222164	Ngozi	2614	-8.989	33.554
283090	Niigata-Yakeyama	2400	36.921	138.036
284020	Niijima	432	34.397	139.27
283140	Nikko-Shiranesan	2578	36.799	139.376
285031	Niseko	1308	42.875	140.659
290060	Nishihitokappuyama [Bogatyr Ridge]	1634	44.833	147.342
212050	Nisyros	698	36.586	27.16
243110	Niuafo'ou	260	-15.6	-175.63
283060	Norikuradake	3026	36.106	137.554
257081	North Vate	594	-17.47	168.353
334050	Northern EPR at 9.8N	-2500	9.83	-104.3
283151	Numazawa	835	37.444	139.566
284136	NW Eifuku	-1535	21.485	144.043
284211	NW Rota-1	-517	14.601	144.775
222056	Nyambeni Hills	750	0.23	37.87
223020	Nyamuragira	3058	-1.408	29.2
223030	Nyiragongo	3470	-1.52	29.25
300650	Nylgimelkin	1764	57.97	160.65
221280	O'a Caldera	2075	7.47	38.58
244010	Ofu-Olosega	639	-14.175	-169.618
355130	"Ojos del Salado, Nevados"	6879	-27.109	-68.541
241050	Okataina	1111	-38.12	176.5
283003	Oki-Dogo	151	36.176	133.334
311290	Okmok	1073	53.43	-168.13
224030	Oku Volcanic Field	3011	6.25	10.5
222055	Ol Kokwe	1130	0.62	36.075
355050	Olca-Paruma	5705	-20.939	-68.413
222090	Olkaria	2434	-0.904	36.292
300052	Olkoviy Volcanic Group	681	52.02	157.53
210030	Olot Volcanic Field	893	42.17	2.53
283142	Omanago Group	2341	36.795	139.507
283040	Ontakesan	3067	35.893	137.48
300080	Opala	2439	52.543	157.339
374010	Oraefajokull	2010	64.05	-16.633
341100	"Orizaba, Pico de"	5564	19.03	-97.27
345010	Orosi	1659	10.98	-85.473
285010	Oshima-Oshima	732	41.51	139.367
283290	Osorezan	878	41.279	141.12
358010	Osorno	2659	-41.105	-72.496
300055	Ostanets	719	52.146	157.322
300056	Otdelniy	814	52.221	157.435
342110	Pacaya	2569	14.382	-90.601
284170	Pagan	570	18.13	145.8
222053	Paka	1697	0.92	36.18
358080	Pali-Aike Volcanic Field	282	-52.082	-69.698
357022	Palomo	4860	-34.608	-70.295
264150	Paluweh	875	-8.32	121.708
355042	Pampa Luxsar	5543	-20.85	-68.2
211041	Panarea	399	38.638	15.064
211071	Pantelleria	836	36.77	12.02
263100	Papandayan	2665	-7.32	107.73
341081	Papayo	3600	19.308	-98.7
355012	Parinacota	6336	-18.166	-69.142
263070	Patuha	2422	-7.162	107.4
312030	Pavlof	2493	55.417	-161.894
357066	Payun Matru	3715	-36.422	-69.241
360120	Pelee	1394	14.809	-61.165
263291	Penanggungan	1631	-7.616	112.62
390031	Penguin Island	180	-62.1	-57.93
263040	Perbakti-Gagak	1699	-6.75	106.7
261030	Peuet Sague	2785	4.903	96.289
382020	Pico	2351	38.47	-28.4
382081	Picos Volcanic System	350	37.78	-25.67
344080	"Pilas, Las"	1088	12.495	-86.688
341001	Pinacate	1200	31.772	-113.498
273083	Pinatubo	1486	15.13	120.35
357040	Planchon-Peteroa	3977	-35.223	-70.568
360110	"Plat Pays, Morne"	940	15.255	-61.341
345034	Platanar	2267	10.3	-84.366
390013	"Pleiades, The"	3040	-72.67	165.5
345040	Poas	2708	10.2	-84.233
273020	Pocdol Mountains	1102	13.05	123.958
300470	Pogranychny	1427	56.85	159.8
275080	Popa	1518	20.92	95.25
341090	Popocatepetl	5393	19.023	-98.622
214090	Porak	3029	40.028	45.74
234040	"Possession, Ile de la"	934	-46.42	51.75
371070	Prestahnukur	1385	64.583	-20.666
234060	Prince Edward Island	672	-46.63	37.95
390140	Protector Seamounts	-55	-55.912	-28.167
355107	Pular	6233	-24.188	-68.054
352011	Pululahua	3356	0.038	-78.463
357160	Puntiagudo-Cordon Cenizos	2493	-40.969	-72.264
351060	Purace	4650	2.32	-76.4
355094	Purico Complex	5703	-23	-67.75
357150	Puyehue-Cordon Caulle	2236	-40.59	-72.117
360140	Qualibou	777	13.83	-61.05
357121	Quetrupillan	2360	-39.496	-71.722
360020	"Quill, The"	601	17.478	-62.96
354000	Quimsachata	3693	-14.176	-71.351
252140	Rabaul	688	-4.271	152.203
231070	"Rahat, Harrat"	1744	23.08	39.78
321030	Rainier	4392	46.853	-121.76
264071	Ranakah	2350	-8.62	120.52
261251	Ranau	1854	-4.871	103.925
242030	Raoul Island	516	-29.27	-177.92
290220	Rasshua	956	47.77	153.02
263340	Raung	3260	-8.119	114.056
290020	Raususan [Mendeleev]	882	43.979	145.733
311280	Recheschnoi	1984	53.157	-168.539
358063	Reclus	1000	-50.964	-73.585
327812	Red Hill	2300	34.25	-108.83
241060	Reporoa	592	-38.42	176.33
352010	Reventador	3562	-0.077	-77.656
371020	Reykjanes	140	63.85	-22.566
345020	Rincon de la Vieja	1916	10.83	-85.324
264030	Rinjani	3726	-8.42	116.47
344060	Rota	832	12.55	-86.75
390021	Royal Society Range	3000	-78.25	163.33
241100	Ruapehu	2797	-39.28	175.57
290091	Rucharuyama [Golets-Tornyi Group]	442	45.25	148.35
351020	"Ruiz, Nevado del"	5279	4.892	-75.324
241130	Rumble III	-220	-35.745	178.478
222166	Rungwe	2953	-9.135	33.668
290021	Ruruidake [Smirnov]	1486	44.454	146.139
360010	Saba	887	17.63	-63.23
354006	Sabancaya	5960	-15.787	-71.857
355091	Sairecabur	5971	-22.72	-67.892
263050	Salak	2211	-6.72	106.73
323200	Salton Buttes	-40	33.197	-115.616
214050	Samsari Volcanic Center	3290	41.542	43.7
341007	San Borja Volcanic Field	1360	28.5	-113.75
344020	San Cristobal	1745	12.702	-87.004
353120	San Cristobal	759	-0.88	-89.5
343001	San Diego	781	14.27	-89.48
329020	San Francisco Volcanic Field	3850	35.347	-111.678
357020	San Jose	6070	-33.789	-69.895
341003	"San Luis, Isla"	180	29.97	-114.4
341110	San Martin	1650	18.57	-95.2
273060	San Pablo Volcanic Field	1090	14.12	121.3
357062	San Pedro-Pellado	3621	-35.989	-70.849
355070	San Pedro-San Pablo	6142	-21.888	-68.391
341002	San Quintin Volcanic Field	260	30.468	-115.996
343050	San Salvador	1893	13.734	-89.294
343070	San Vicente	2182	13.595	-88.837
283002	Sanbesan	1126	35.141	132.622
322040	Sand Mountain Field	1664	44.38	-121.93
352090	Sangay	5286	-2.005	-78.341
264050	Sangeang Api	1912	-8.2	119.07
264060	"Sano, Wai"	1319	-8.724	119.986
343020	Santa Ana	2381	13.853	-89.63
353091	Santa Cruz	864	-0.62	-90.33
351021	Santa Isabel	4944	4.818	-75.365
342030	Santa Maria	3745	14.757	-91.552
353090	Santiago	920	-0.22	-90.77
342150	"Santiago, Cerro"	1192	14.33	-89.87
212040	Santorini	367	36.404	25.396
261131	Sarik-Gajah	737	0.074	100.189
290240	Sarychev Peak	1496	48.092	153.2
290080	Sashiusudake [Baransky]	1125	45.1	148.019
390090	Saunders	843	-57.8	-26.483
244040	Savai'i	1858	-13.612	-172.525
255070	Savo	485	-9.13	159.82
231160	"Sawad, Harra Es-"	1737	13.58	46.12
390050	Seal Nunataks Group	368	-65.03	-60.05
311180	Seguam	1054	52.315	-172.51
261260	Sekincau Belirang	1717	-5.107	104.317
263300	Semeru	3657	-8.108	112.922
311060	Semisopochnoi	1221	51.93	179.58
341092	Serdan-Oriental	3485	19.27	-97.47
265070	Serua	608	-6.312	130.017
382080	Sete Cidades	856	37.87	-25.78
261020	Seulawah Agam	1810	5.448	95.658
300700	Severny	1936	58.28	160.87
323010	Shasta	4317	41.409	-122.193
300270	Sheveluch	3283	56.653	161.36
283121	Shiga	2041	36.688	138.519
285040	Shikotsu	1320	42.688	141.38
285090	Shiretoko-Iozan	1562	44.133	145.161
311360	Shishaldin	2857	54.756	-163.97
261110	Sibualbuali	1819	1.556	99.255
222052	Silali	1528	1.15	36.23
272040	Silay	1510	10.77	123.23
320160	Silverthrone	3160	51.43	-126.3
255050	Simbo	335	-8.292	156.52
261080	Sinabung	2460	3.17	98.392
261070	Singkut	2181	3.248	98.501
343002	"Singuil, Cerro"	926	14.054	-89.631
390025	Siple	3110	-73.43	-126.67
264270	Sirung	862	-8.508	124.13
263180	Slamet	3428	-7.242	109.208
300660	Snezhniy	2169	58.02	160.8
341021	Socorro	1050	18.78	-110.95
326010	Soda Lakes	1251	39.53	-118.87
357111	Sollipulli	2282	-38.97	-71.52
266030	Soputan	1785	1.112	124.737
261120	Sorikmarapi	2145	0.686	99.539
360060	Soufriere Guadeloupe	1467	16.044	-61.664
360050	Soufriere Hills	915	16.72	-62.18
360150	Soufriere St. Vincent	1220	13.33	-61.18
390070	Southern Thule	1075	-59.442	-27.225
320070	Spectrum Range	2430	57.43	-130.68
313040	Spurr	3374	61.299	-152.251
250010	St. Andrew Strait	270	-2.38	147.35
360170	St. Catherine	840	12.15	-61.67
321050	St. Helens	2549	46.2	-122.18
314040	St. Michael	715	63.45	-162.12
314010	St. Paul Island	203	57.18	-170.3
211040	Stromboli	924	38.789	15.213
342160	Suchitan	2042	14.4	-89.78
252090	Sulu Range	610	-5.5	150.942
352040	Sumaco	3990	-0.538	-77.626
261180	Sumbing	2507	-2.414	101.728
263220	Sumbing	3371	-7.384	110.07
284080	Sumisujima	136	31.44	140.051
263210	Sundoro	3136	-7.3	109.992
257010	Suretamatai	921	-13.8	167.47
222110	Suswa	2356	-1.151	36.357
282030	Suwanosejima	796	29.638	129.714
273070	Taal	311	14.002	120.993
355011	Taapaca	5860	-18.1	-69.5
343072	Taburete	1172	13.435	-88.532
341130	Tacana	4064	15.132	-92.109
355010	Tacora	5980	-17.72	-69.77
243120	Tafu-Maka	-1400	-15.37	-174.23
342141	Tahual	1716	14.43	-89.9
221010	"Tair, Jebel at"	244	15.55	41.83
285060	Taisetsuzan	2291	43.664	142.854
283143	Takaharayama	1795	36.9	139.777
390027	Takahe	3460	-76.28	-112.08
263150	Talagabodas	2201	-7.208	108.07
261130	Talakmau	2919	0.079	99.98
261160	Talang	2575	-0.979	100.681
264040	Tambora	2850	-8.25	118
311080	Tanaga	1806	51.885	-178.146
261150	Tandikat-Singgalang	2854	-0.39	100.331
266130	Tangkoko-Duasudara	1334	1.518	125.185
263090	Tangkuban Parahu	2084	-6.77	107.6
290310	Tao-Rusyr Caldera	1325	49.35	154.7
268001	Tarakan	318	1.83	127.83
241030	Taranaki	2518	-39.3	174.07
303010	Taryatu-Chulutu	2326	48.133	99.95
281032	Tatun Volcanic Group	1120	25.178	121.553
244001	Ta'u	931	-14.23	-169.454
241070	Taupo	760	-38.82	176
245010	Taveuni	1241	-16.82	-179.97
343080	Tecapa	1593	13.494	-88.502
342120	Tecuamburro	1845	14.156	-90.407
344040	Telica	1036	12.606	-86.84
263231	Telomoyo	1864	-7.362	110.4
261050	"Telong, Bur ni"	2617	4.769	96.821
213030	Tenduruk Dagi	3514	39.356	43.874
383030	Tenerife	3715	28.271	-16.641
275110	Tengchong	2865	25.23	98.5
263310	Tengger Caldera	2329	-7.942	112.95
345031	Tenorio	1916	10.673	-85.015
221292	Tepi	2728	7.42	35.43
382050	Terceira	1023	38.73	-27.32
373090	Theistareykir	540	65.833	-17.166
322070	Three Sisters	3159	44.133	-121.767
268061	Tidore	1730	0.658	127.4
343082	"Tigre, El"	1640	13.47	-88.43
343130	"Tigre, Isla el"	783	13.272	-87.641
355105	Tilocalar	3109	-23.97	-68.13
256010	Tinakula	796	-10.386	165.804
372040	Tindfjallajokull	1464	63.783	-19.716
357030	Tinguiririca	4280	-34.814	-70.352
300560	Titila	1523	57.406	160.108
373100	Tjornes Fracture Zone	-75	66.309	-17.118
315060	Tlevak Strait-Suemez Is.	50	55.25	-133.3
261090	Toba	2157	2.58	98.83
268050	Todoko-Ranu	979	1.25	127.47
225001	Todra Volcanic Field	1780	17.68	8.5
243060	Tofua	515	-19.75	-175.07
225009	"Toh, Tarso"	2000	21.33	16.33
285050	Tokachidake	2077	43.418	142.686
300240	Tolbachik	3611	55.832	160.326
357093	Tolhuaca	2739	-38.31	-71.645
351030	"Tolima, Nevado del"	5215	4.658	-75.33
342070	Toliman	3158	14.612	-91.189
341070	"Toluca, Nevado de"	4680	19.108	-99.758
290010	Tomariyama [Golovnin]	535	43.844	145.504
224011	Tombel Graben	500	4.758	9.717
266070	Tondano Caldera	1202	1.23	124.83
390026	Toney Mountain	3595	-75.8	-115.83
241080	Tongariro	1978	-39.157	175.632
372050	Torfajokull	1280	63.892	-19.122
284011	Toshima	508	34.52	139.279
225010	"Tousside, Tarso"	3265	21.03	16.45
283271	Towada	1011	40.51	140.88
285030	Toya	733	42.544	140.839
257090	Traitor's Head	817	-18.754	169.238
357101	Tralihue	2448	-38.509	-70.898
312160	Trident	1864	58.236	-155.1
386010	Tristan da Cunha	2060	-37.092	-12.28
360100	"Trois Pitons, Morne"	1387	15.37	-61.33
357081	Trolon	2360	-37.738	-70.906
357072	Tromen	4114	-37.144	-70.033
358011	Tronador	3478	-41.157	-71.885
221250	Tullu Moje	2343	8.159	39.137
373040	Tungnafellsjokull	1523	64.75	-17.916
302050	Tunkin Depression	1200	51.5	102.5
357010	Tupungatito	5660	-33.425	-69.797
345070	Turrialba	3340	10.025	-83.767
244020	Tutuila	653	-14.295	-170.7
354040	Tutupaca	5801	-17.026	-70.372
320031	Tuya Volcanic Field	2123	59.37	-130.58
355150	Tuzgle	5486	-24.05	-66.48
300540	Tuzovsky	1516	57.32	159.967
323160	Ubehebe Craters	752	37.02	-117.45
300241	Udina	2886	55.758	160.527
302030	Udokan Plateau	2180	56.28	117.77
312130	Ugashik-Peulik	1474	57.751	-156.368
329010	Uinkaret Field	1555	36.38	-113.13
312131	Ukinrek Maars	91	57.832	-156.51
300350	Uksichan	1692	56.08	158.38
306030	Ulreung	984	37.5	130.87
251060	Umboi	1548	-5.589	147.875
263230	Ungaran	2050	-7.18	110.33
282100	Unzendake	1483	32.761	130.299
244030	Upolu	1100	-13.935	-171.72
290191	Uratman	678	47.12	152.25
300261	Ushkovsky	3943	56.113	160.509
343081	Usulutan	1449	13.419	-88.471
343160	Utila Island	74	16.12	-86.882
231020	"Uwayrid, Harrat"	1920	27.08	37.25
300170	Uzon	1617	54.5	159.97
244000	Vailulu'u	-592	-14.215	-169.058
214080	Vaiyots-Sar	2575	39.797	45.497
233015	Vakinankaratra	2644	-19.85	46.942
346030	"Valle, El"	1185	8.58	-80.17
290370	Vernadskii Ridge	1183	50.55	155.97
372010	Vestmannaeyjar	283	63.416	-20.266
211020	Vesuvius	1281	40.821	14.426
253030	Victory	1925	-9.2	149.07
357120	Villarrica	2847	-39.42	-71.93
300083	Vilyuchik	2173	52.7	158.28
223050	Visoke	3696	-1.458	29.485
300059	Visokiy	1234	52.43	157.93
302040	Vitim Volcanic Field	1250	53.75	113.25
225020	"Voon, Tarso"	3100	20.92	17.28
300720	Voyampolsky	1103	58.374	160.631
211050	Vulcano	500	38.404	14.962
211003	Vulsini	800	42.6	11.93
300221	Vysoky	2129	55.064	160.765
390024	Waesche	3292	-77.17	-126.88
244050	Wallis Islands	143	-13.3	-176.17
324030	Wapi Lava Field	1604	42.88	-113.22
283071	Washiba-Kumonotaira	2924	36.408	137.594
360101	"Watt, Morne"	1224	15.307	-61.305
320150	Wells Gray-Clearwater	2576	52.33	-120.57
321060	West Crater	1329	45.88	-122.08
210010	West Eifel Volcanic Field	600	50.17	6.85
243130	West Mata	-1174	-15.1	-173.75
311340	Westdahl	1563	54.516	-164.65
241040	Whakaari/White Island	294	-37.52	177.18
241011	Whangarei	397	-35.75	174.27
263270	Wilis	2563	-7.808	111.758
252080	Witori	724	-5.576	150.516
315020	Wrangell	4278	62.006	-144.017
305030	Wudalianchi	597	48.72	126.12
283070	Yakedake	2455	36.227	137.587
231080	"Yar, Jabal"	305	17.05	42.83
257100	Yasur	361	-19.532	169.447
300021	Yavinsky	646	51.533	156.629
325010	Yellowstone	2805	44.43	-110.67
343150	"Yojoa, Lake"	1090	14.98	-87.98
282021	Yokoate-jima	495	28.797	128.997
283031	Yokodake	2480	36.087	138.32
282081	Yonemaru-Sumiyoshiike	40	31.771	130.592
285032	Yoteizan	1888	42.827	140.812
354050	Yucamane	5495	-17.184	-70.196
282130	Yufu-Tsurumi	1584	33.282	131.39
311210	Yunaska	550	52.643	-170.629
343140	"Zacate Grande, Isla"	640	13.33	-87.63
283190	Zaozan [Zaosan]	1841	38.144	140.44
300480	Zaozerny	1349	56.88	159.95
344111	Zapatera	629	11.73	-85.82
300124	Zavaritsky	1567	53.905	158.385
390130	Zavodovski	551	-56.3	-27.57
300242	Zimina	3057	55.862	160.603
341061	Zitacuaro-Valle de Bravo	3500	19.4	-100.25
221020	Zubair Group	191	15.05	42.18
221021	Zukur	624	14.02	42.75
327120	Zuni-Bandera	2550	34.8	-108